  -7.0000000000000000        1.0000000000000000     
  -6.9296665868328420        1.0000000000000000     
  -6.8593431302285151        1.0000000000000000     
  -6.7890295344563718        1.0000000000000000     
  -6.7187257036392394        1.0000000000000000     
  -6.6484315417548636        1.0000000000000000     
  -6.5781469526373542        1.0000000000000000     
  -6.5078718399786473        1.0000000000000000     
  -6.4376061073299491        0.0000000000000000     
  -6.3673496581031923        0.0000000000000000     
  -6.2971023955724954        0.0000000000000000     
  -6.2268642228756166        0.0000000000000000     
  -6.1566350430154122        0.0000000000000000     
  -6.0864147588612987        0.0000000000000000     
  -6.0162032731507127        0.0000000000000000     
  -5.9460004884905739        0.0000000000000000     
  -5.8758063073587463        0.0000000000000000     
  -5.8056206321055077        0.0000000000000000     
  -5.7354433649550156        0.0000000000000000     
  -5.6652744080067690        0.0000000000000000     
  -5.5951136632370870        1.0000000000000000     
  -5.5249610325005696        1.0000000000000000     
  -5.4548164175315748        1.0000000000000000     
  -5.3846797199456891        1.0000000000000000     
  -5.3145508412412026        1.0000000000000000     
  -5.2444296828005807        1.0000000000000000     
  -5.1743161458919440        1.0000000000000000     
  -5.1042101316705457        1.0000000000000000     
  -5.0341115411802413        1.0000000000000000     
  -4.9640202753549820        1.0000000000000000     
  -4.8939362350202833        1.0000000000000000     
  -4.8238593208947114        1.0000000000000000     
  -4.7537894335913666        1.0000000000000000     
  -4.6837264736193642        1.0000000000000000     
  -4.6136703413853200        1.0000000000000000     
  -4.5436209371948362        0.0000000000000000     
  -4.4735781612539904        0.0000000000000000     
  -4.4035419136708160        0.0000000000000000     
  -4.3335120944567986        0.0000000000000000     
  -4.2634886035283621        0.0000000000000000     
  -4.1934713407083581        0.0000000000000000     
  -4.1234602057275556        0.0000000000000000     
  -4.0534550982261406        0.0000000000000000     
  -3.9834559177552009        0.0000000000000000     
  -3.9134625637782219        0.0000000000000000     
  -3.8434749356725852        0.0000000000000000     
  -3.7734929327310596        0.0000000000000000     
  -3.7035164541633003        0.0000000000000000     
  -3.6335453990973434        0.0000000000000000     
  -3.5635796665811061        0.0000000000000000     
  -3.4936191555838851        0.0000000000000000     
  -3.4236637649978547        0.0000000000000000     
  -3.3537133936395671        0.0000000000000000     
  -3.2837679402514559        0.0000000000000000     
  -3.2138273035033338        0.0000000000000000     
  -3.1438913819938969        1.0000000000000000     
  -3.0739600742522288        1.0000000000000000     
  -3.0040332787393016        1.0000000000000000     
  -2.9341108938494820        1.0000000000000000     
  -2.8641928179120355        1.0000000000000000     
  -2.7942789491926319        1.0000000000000000     
  -2.7243691858948518        1.0000000000000000     
  -2.6544634261616933        1.0000000000000000     
  -2.5845615680770777        1.0000000000000000     
  -2.5146635096673604        1.0000000000000000     
  -2.4447691489028363        1.0000000000000000     
  -2.3748783836992495        1.0000000000000000     
  -2.3049911119193047        1.0000000000000000     
  -2.2351072313741742        1.0000000000000000     
  -2.1652266398250095        1.0000000000000000     
  -2.0953492349844538        1.0000000000000000     
  -2.0254749145181488        1.0000000000000000     
  -1.9556035760462529        1.0000000000000000     
  -1.8857351171449472        1.0000000000000000     
  -1.8158694353479523        1.0000000000000000     
  -1.7460064281480387        1.0000000000000000     
  -1.6761459929985421        1.0000000000000000     
  -1.6062880273148763        1.0000000000000000     
  -1.5364324284760464        1.0000000000000000     
  -1.4665790938261651        1.0000000000000000     
  -1.3967279206759662        1.0000000000000000     
  -1.3268788063043202        1.0000000000000000     
  -1.2570316479597488        1.0000000000000000     
  -1.1871863428619420        0.0000000000000000     
  -1.1173427882032729        0.0000000000000000     
  -1.0475008811503139        0.0000000000000000     
 -0.97766051884535443        0.0000000000000000     
 -0.90782159840791588        0.0000000000000000     
 -0.83798401693626912        0.0000000000000000     
 -0.76814767150895236        0.0000000000000000     
 -0.69831245918628693        0.0000000000000000     
 -0.62847827701189618        0.0000000000000000     
 -0.55864502201422184        0.0000000000000000     
 -0.48881259120804216        0.0000000000000000     
 -0.41898088159599023        0.0000000000000000     
 -0.34914979017007125        0.0000000000000000     
 -0.27931921391318087        0.0000000000000000     
 -0.20948904980062319        0.0000000000000000     
 -0.13965919480162930        0.0000000000000000     
  -6.9829545880875130E-002   0.0000000000000000     
   0.0000000000000000        0.0000000000000000     
   6.9829545880875130E-002   0.0000000000000000     
  0.13965919480162930        0.0000000000000000     
  0.20948904980062319        0.0000000000000000     
  0.27931921391318087        0.0000000000000000     
  0.34914979017007125        0.0000000000000000     
  0.41898088159599023        0.0000000000000000     
  0.48881259120804216        0.0000000000000000     
  0.55864502201422184        0.0000000000000000     
  0.62847827701189618        0.0000000000000000     
  0.69831245918628693        0.0000000000000000     
  0.76814767150895236        0.0000000000000000     
  0.83798401693626912        0.0000000000000000     
  0.90782159840791588        0.0000000000000000     
  0.97766051884535443        0.0000000000000000     
   1.0475008811503139        0.0000000000000000     
   1.1173427882032729        0.0000000000000000     
   1.1871863428619420        0.0000000000000000     
   1.2570316479597488        1.0000000000000000     
   1.3268788063043202        1.0000000000000000     
   1.3967279206759662        1.0000000000000000     
   1.4665790938261651        1.0000000000000000     
   1.5364324284760464        1.0000000000000000     
   1.6062880273148763        1.0000000000000000     
   1.6761459929985421        1.0000000000000000     
   1.7460064281480387        1.0000000000000000     
   1.8158694353479523        1.0000000000000000     
   1.8857351171449472        1.0000000000000000     
   1.9556035760462529        1.0000000000000000     
   2.0254749145181488        1.0000000000000000     
   2.0953492349844538        1.0000000000000000     
   2.1652266398250095        1.0000000000000000     
   2.2351072313741742        1.0000000000000000     
   2.3049911119193047        1.0000000000000000     
   2.3748783836992495        1.0000000000000000     
   2.4447691489028363        1.0000000000000000     
   2.5146635096673604        1.0000000000000000     
   2.5845615680770777        1.0000000000000000     
   2.6544634261616933        1.0000000000000000     
   2.7243691858948518        1.0000000000000000     
   2.7942789491926319        1.0000000000000000     
   2.8641928179120355        1.0000000000000000     
   2.9341108938494820        1.0000000000000000     
   3.0040332787393016        1.0000000000000000     
   3.0739600742522288        1.0000000000000000     
   3.1438913819938969        1.0000000000000000     
   3.2138273035033338        0.0000000000000000     
   3.2837679402514559        0.0000000000000000     
   3.3537133936395671        0.0000000000000000     
   3.4236637649978547        0.0000000000000000     
   3.4936191555838851        0.0000000000000000     
   3.5635796665811061        0.0000000000000000     
   3.6335453990973434        0.0000000000000000     
   3.7035164541633003        0.0000000000000000     
   3.7734929327310596        0.0000000000000000     
   3.8434749356725852        0.0000000000000000     
   3.9134625637782219        0.0000000000000000     
   3.9834559177552009        0.0000000000000000     
   4.0534550982261406        0.0000000000000000     
   4.1234602057275556        0.0000000000000000     
   4.1934713407083581        0.0000000000000000     
   4.2634886035283621        0.0000000000000000     
   4.3335120944567986        0.0000000000000000     
   4.4035419136708160        0.0000000000000000     
   4.4735781612539904        0.0000000000000000     
   4.5436209371948362        0.0000000000000000     
   4.6136703413853200        1.0000000000000000     
   4.6837264736193642        1.0000000000000000     
   4.7537894335913666        1.0000000000000000     
   4.8238593208947114        1.0000000000000000     
   4.8939362350202833        1.0000000000000000     
   4.9640202753549820        1.0000000000000000     
   5.0341115411802413        1.0000000000000000     
   5.1042101316705457        1.0000000000000000     
   5.1743161458919440        1.0000000000000000     
   5.2444296828005807        1.0000000000000000     
   5.3145508412412026        1.0000000000000000     
   5.3846797199456891        1.0000000000000000     
   5.4548164175315748        1.0000000000000000     
   5.5249610325005696        1.0000000000000000     
   5.5951136632370870        1.0000000000000000     
   5.6652744080067690        0.0000000000000000     
   5.7354433649550156        0.0000000000000000     
   5.8056206321055077        0.0000000000000000     
   5.8758063073587463        0.0000000000000000     
   5.9460004884905739        0.0000000000000000     
   6.0162032731507127        0.0000000000000000     
   6.0864147588612987        0.0000000000000000     
   6.1566350430154122        0.0000000000000000     
   6.2268642228756166        0.0000000000000000     
   6.2971023955724954        0.0000000000000000     
   6.3673496581031923        0.0000000000000000     
   6.4376061073299491        0.0000000000000000     
   6.5078718399786473        1.0000000000000000     
   6.5781469526373542        1.0000000000000000     
   6.6484315417548636        1.0000000000000000     
   6.7187257036392394        1.0000000000000000     
   6.7890295344563718        1.0000000000000000     
   6.8593431302285151        1.0000000000000000     
   6.9296665868328420        1.0000000000000000     
   7.0000000000000000        1.0000000000000000     
