  -6.6497449006265796       0.24227163791840295     
  -6.5794468513799069       0.26929724234802821     
  -6.5091582670602479       0.31255425237609269     
  -6.4388790513390175       0.36695594734441961     
  -6.3686091077484379       0.42686682001806703     
  -6.2983483396829953       0.48661828371808824     
  -6.2280966504008974       0.54096527587246435     
  -6.1578539430255255       0.58545377327131554     
  -6.0876201205468989       0.61668182025976370     
  -6.0173950858231331       0.63244847769225276     
  -5.9471787415819035       0.63179521258466953     
  -5.8769709904219019       0.61495211061938404     
  -5.8067717348143093       0.58320667914767155     
  -5.7365808771042559       0.53871596272518008     
  -5.6663983195122896       0.48428346598980049     
  -5.5962239641358424       0.42312135227143344     
  -5.5260577129507036       0.35861601044108571     
  -5.4558994678124835       0.29411181897566452     
  -5.3857491304580938       0.23272421637848797     
  -5.3156066025072128       0.17718938285446187     
  -5.2454717854637618       0.12975424537031752     
  -5.1753445807173808        9.2107350889505168E-002
  -5.1052248895449077        6.5348545320547874E-002
  -5.0351126131118482        4.9993412156142086E-002
  -4.9650076524738598        4.6007069677319629E-002
  -4.8949099085782324        5.2861158412817744E-002
  -4.8248192822653619        6.9607599298661282E-002
  -4.7547356742702398        9.4962876874238600E-002
  -4.6846589852239333       0.12739710220529765     
  -4.6145891156550647       0.16522283918372599     
  -4.5445259659913013       0.20667954487021137     
  -4.4744694365608408       0.25001040066803559     
  -4.4044194275938926       0.29352923141700471     
  -4.3343758392241725       0.33567607388046627     
  -4.2643385714903852       0.37506072897744397     
  -4.1943075243377201       0.41049429108248225     
  -4.1242825976193336       0.44100918187533122     
  -4.0542636910978471       0.46586862397671147     
  -3.9842507044468372       0.48456677664086356     
  -3.9142435372523248       0.49682093293809615     
  -3.8442420890142759       0.50255725933539730     
  -3.7742462591480908       0.50189156032477233     
  -3.7042559469861014       0.49510648917242450     
  -3.6342710517790682       0.48262651686344815     
  -3.5642914726976742       0.46499182956483798     
  -3.4943171088340281       0.44283216338834963     
  -3.4243478592031575       0.41684141491920307     
  -3.3543836227445105       0.38775369585727848     
  -3.2844242983234566       0.35632133717239356     
  -3.2144697847327866       0.32329519751116004     
  -3.1445199806942110       0.28940749566391522     
  -3.0745747848598697       0.25535726972081585     
  -3.0046340958138251       0.22179846693699506     
  -2.9346978120735745       0.18933058818134074     
  -2.8647658320915474       0.15849174831308974     
  -2.7948380542566125       0.12975396757188168     
  -2.7249143768955855       0.10352047738657041     
  -2.6549946982747312        8.0124805034726077E-002
  -2.5850789166012702        5.9831393374436243E-002
  -2.5151669300248893        4.2837512508274028E-002
  -2.4452586366392461        2.9276227910347896E-002
  -2.3753539344834760        1.9220202579901008E-002
  -2.3054527215437051        1.2686127680018838E-002
  -2.2355548957545546        9.6395955807840050E-003
  -2.1656603550006528        1.0000250137620736E-002
  -2.0957689971181455        1.3647070488285895E-002
  -2.0258807198962043        2.0423665904996557E-002
  -1.9559954210785406        3.0143479723511196E-002
  -1.8861129983649136        4.2594819664191347E-002
  -1.8162333494126448        5.7545649663085507E-002
  -1.7463563718381281        7.4748094459433034E-002
  -1.6764819632183439        9.3942622538897957E-002
  -1.6066100210923715       0.11486188558848426     
  -1.5367404429629015       0.13723420340650866     
  -1.4668731262977508       0.16078669231216841     
  -1.3970079685313759       0.18524804261011010     
  -1.3271448670663872       0.21035095672664172     
  -1.2572837192750628       0.23583426436916030     
  -1.1874244225008648       0.26144473462899898     
  -1.1175668740599534       0.28693860748169975     
  -1.0477109712427022       0.31208286878579450     
 -0.97785661131521417       0.33665629376995598     
 -0.90800369152083793       0.36045028425091308     
 -0.83815210908168247       0.38326952455613217     
 -0.76830176120013460       0.40493248043111696     
 -0.69845254506037469       0.42527176418247747     
 -0.62860435782989366       0.44413438801933680     
 -0.55875709666100937       0.46138192607251871     
 -0.48891065869238381       0.47689060394706917     
 -0.41906494105053993       0.49055133294223408     
 -0.34921984085137880       0.50226970429279760     
 -0.27937525520169698       0.51196595696781244     
 -0.20953108120070349       0.51957493073398209     
 -0.13968721594153755       0.52504601435978582     
  -6.9843556512785843E-002  0.52834309701452564     
   0.0000000000000000       0.52944452910732109     
   6.9843556512785843E-002  0.52834309701452564     
  0.13968721594153755       0.52504601435978582     
  0.20953108120070349       0.51957493073398209     
  0.27937525520169698       0.51196595696781244     
  0.34921984085137880       0.50226970429279760     
  0.41906494105053993       0.49055133294223408     
  0.48891065869238381       0.47689060394706917     
  0.55875709666100937       0.46138192607251871     
  0.62860435782989366       0.44413438801933680     
  0.69845254506037469       0.42527176418247747     
  0.76830176120013460       0.40493248043111696     
  0.83815210908168247       0.38326952455613217     
  0.90800369152083793       0.36045028425091308     
  0.97785661131521417       0.33665629376995598     
   1.0477109712427022       0.31208286878579450     
   1.1175668740599534       0.28693860748169975     
   1.1874244225008648       0.26144473462899898     
   1.2572837192750628       0.23583426436916030     
   1.3271448670663872       0.21035095672664172     
   1.3970079685313759       0.18524804261011010     
   1.4668731262977508       0.16078669231216841     
   1.5367404429629015       0.13723420340650866     
   1.6066100210923715       0.11486188558848426     
   1.6764819632183439        9.3942622538897957E-002
   1.7463563718381281        7.4748094459433034E-002
   1.8162333494126448        5.7545649663085507E-002
   1.8861129983649136        4.2594819664191347E-002
   1.9559954210785406        3.0143479723511196E-002
   2.0258807198962043        2.0423665904996557E-002
   2.0957689971181455        1.3647070488285895E-002
   2.1656603550006528        1.0000250137620736E-002
   2.2355548957545546        9.6395955807840050E-003
   2.3054527215437051        1.2686127680018838E-002
   2.3753539344834760        1.9220202579901008E-002
   2.4452586366392461        2.9276227910347896E-002
   2.5151669300248893        4.2837512508274028E-002
   2.5850789166012702        5.9831393374436243E-002
   2.6549946982747312        8.0124805034726077E-002
   2.7249143768955855       0.10352047738657041     
   2.7948380542566125       0.12975396757188168     
   2.8647658320915474       0.15849174831308974     
   2.9346978120735745       0.18933058818134074     
   3.0046340958138251       0.22179846693699506     
   3.0745747848598697       0.25535726972081585     
   3.1445199806942110       0.28940749566391522     
   3.2144697847327866       0.32329519751116004     
   3.2844242983234566       0.35632133717239356     
   3.3543836227445105       0.38775369585727848     
   3.4243478592031575       0.41684141491920307     
   3.4943171088340281       0.44283216338834963     
   3.5642914726976742       0.46499182956483798     
   3.6342710517790682       0.48262651686344815     
   3.7042559469861014       0.49510648917242450     
   3.7742462591480908       0.50189156032477233     
   3.8442420890142759       0.50255725933539730     
   3.9142435372523248       0.49682093293809615     
   3.9842507044468372       0.48456677664086356     
   4.0542636910978471       0.46586862397671147     
   4.1242825976193336       0.44100918187533122     
   4.1943075243377201       0.41049429108248225     
   4.2643385714903852       0.37506072897744397     
   4.3343758392241725       0.33567607388046627     
   4.4044194275938926       0.29352923141700471     
   4.4744694365608408       0.25001040066803559     
   4.5445259659913013       0.20667954487021137     
   4.6145891156550647       0.16522283918372599     
   4.6846589852239333       0.12739710220529765     
   4.7547356742702398        9.4962876874238600E-002
   4.8248192822653619        6.9607599298661282E-002
   4.8949099085782324        5.2861158412817744E-002
   4.9650076524738598        4.6007069677319629E-002
   5.0351126131118482        4.9993412156142086E-002
   5.1052248895449077        6.5348545320547874E-002
   5.1753445807173808        9.2107350889505168E-002
   5.2454717854637618       0.12975424537031752     
   5.3156066025072128       0.17718938285446187     
   5.3857491304580938       0.23272421637848797     
   5.4558994678124835       0.29411181897566452     
   5.5260577129507036       0.35861601044108571     
   5.5962239641358424       0.42312135227143344     
   5.6663983195122896       0.48428346598980049     
   5.7365808771042559       0.53871596272518008     
   5.8067717348143093       0.58320667914767155     
   5.8769709904219019       0.61495211061938404     
   5.9471787415819035       0.63179521258466953     
   6.0173950858231331       0.63244847769225276     
   6.0876201205468989       0.61668182025976370     
   6.1578539430255255       0.58545377327131554     
   6.2280966504008974       0.54096527587246435     
   6.2983483396829953       0.48661828371808824     
   6.3686091077484379       0.42686682001806703     
   6.4388790513390175       0.36695594734441961     
   6.5091582670602479       0.31255425237609269     
   6.5794468513799069       0.26929724234802821     
   6.6497449006265796       0.24227163791840295     
