  -7.0000000000000000        7.2752950267109595E-002
  -6.9296665868328420        1.3680924809773121E-002
  -6.8593431302285151        1.3245056777475006E-003
  -6.7890295344563718        3.4863131100688838E-002
  -6.7187257036392394       0.10935924904156563     
  -6.6484315417548636       0.21659759893557951     
  -6.5781469526373542       0.34612285920928842     
  -6.5078718399786473       0.48635144782188794     
  -6.4376061073299491       0.62564669579410837     
  -6.3673496581031923       0.75326824230024680     
  -6.2971023955724954       0.86013252294660481     
  -6.2268642228756166       0.93934823047321547     
  -6.1566350430154122       0.98651586434652838     
  -6.0864147588612987       0.99980197943800531     
  -6.0162032731507127       0.97981531505681552     
  -5.9460004884905739       0.92932317630789307     
  -5.8758063073587463       0.85285238602047531     
  -5.8056206321055077       0.75622040279378111     
  -5.7354433649550156       0.64603966576837435     
  -5.6652744080067690       0.52923287264300156     
  -5.5951136632370870       0.41258973265580334     
  -5.5249610325005696       0.30238769284333744     
  -5.4548164175315748       0.20409100810746561     
  -5.3846797199456891       0.12213493635660871     
  -5.3145508412412026        5.9795230390423282E-002
  -5.2444296828005807        1.9137736055686860E-002
  -5.1743161458919440        1.0389059651718102E-003
  -5.1042101316705457        5.2653892560757254E-003
  -5.0341115411802413        3.0599455536598041E-002
  -4.9640202753549820        7.4996686756477804E-002
  -4.8939362350202833       0.13576291957215020     
  -4.8238593208947114       0.20973862556007011     
  -4.7537894335913666       0.29348056580347498     
  -4.6837264736193642       0.38343245734710196     
  -4.6136703413853200       0.47607837674744258     
  -4.5436209371948362       0.56807456724516558     
  -4.4735781612539904       0.65635711069462999     
  -4.4035419136708160       0.73822450449979415     
  -4.3335120944567986       0.81139550674945560     
  -4.2634886035283621       0.87404366285655211     
  -4.1934713407083581       0.92481070672249110     
  -4.1234602057275556       0.96280155565586112     
  -4.0534550982261406       0.98756391783851194     
  -3.9834559177552009       0.99905563688232335     
  -3.9134625637782219       0.99760284556312806     
  -3.8434749356725852       0.98385182581592689     
  -3.7734929327310596       0.95871720832973850     
  -3.7035164541633003       0.92332882316639742     
  -3.6335453990973434       0.87897915924876791     
  -3.5635796665811061       0.82707302737501875     
  -3.4936191555838851       0.76908066616330883     
  -3.4236637649978547       0.70649519624048707     
  -3.3537133936395671       0.64079502440669689     
  -3.2837679402514559       0.57341153227063324     
  -3.2138273035033338       0.50570215599098944     
  -3.1438913819938969       0.43892877588446316     
  -3.0739600742522288       0.37424118561663716     
  -3.0040332787393016       0.31266529796518799     
  -2.9341108938494820       0.25509566432190733     
  -2.8641928179120355       0.20229183423300429     
  -2.7942789491926319       0.15487805515650721     
  -2.7243691858948518       0.11334580702496960     
  -2.6544634261616933        7.8058677101467799E-002
  -2.5845615680770777        4.9259104231296202E-002
  -2.5146635096673604        2.7076554533048802E-002
  -2.4447691489028363        1.1536729873764806E-002
  -2.3748783836992495        2.5714535781977688E-003
  -2.3049911119193047        2.8922627093863618E-005
  -2.2351072313741742        3.6840603939153893E-003
  -2.1652266398250095        1.3248747418742879E-002
  -2.0953492349844538        2.8381748827511044E-002
  -2.0254749145181488        4.8698195066757766E-002
  -1.9556035760462529        7.3778507186440245E-002
  -1.8857351171449472       0.10317668871546476     
  -1.8158694353479523       0.13642793315770163     
  -1.7460064281480387       0.17305551934430996     
  -1.6761459929985421       0.21257698646075723     
  -1.6062880273148763       0.25450959674642959     
  -1.5364324284760464       0.29837510692313662     
  -1.4665790938261651       0.34370387963164023     
  -1.3967279206759662       0.39003837387621765     
  -1.3268788063043202       0.43693605899327337     
  -1.2570316479597488       0.48397180029001186     
  -1.1871863428619420       0.53073976652960553     
  -1.1173427882032729       0.57685491013226797     
  -1.0475008811503139       0.62195407057628804     
 -0.97766051884535443       0.66569675022487473     
 -0.90782159840791588       0.70776560987609682     
 -0.83798401693626912       0.74786672889813866     
 -0.76814767150895236       0.78572967201573540     
 -0.69831245918628693       0.82110740177293462     
 -0.62847827701189618       0.85377607251433651     
 -0.55864502201422184       0.88353473847666852     
 -0.48881259120804216       0.91020500533015980     
 -0.41898088159599023       0.93363065129657019     
 -0.34914979017007125       0.95367724083282646     
 -0.27931921391318087       0.97023175082539215     
 -0.20948904980062319       0.98320222630042886     
 -0.13965919480162930       0.99251747982126948     
  -6.9829545880875130E-002  0.99812684601163126     
   0.0000000000000000        1.0000000000000000     
   6.9829545880875130E-002  0.99812684601163126     
  0.13965919480162930       0.99251747982126948     
  0.20948904980062319       0.98320222630042886     
  0.27931921391318087       0.97023175082539215     
  0.34914979017007125       0.95367724083282646     
  0.41898088159599023       0.93363065129657019     
  0.48881259120804216       0.91020500533015980     
  0.55864502201422184       0.88353473847666852     
  0.62847827701189618       0.85377607251433651     
  0.69831245918628693       0.82110740177293462     
  0.76814767150895236       0.78572967201573540     
  0.83798401693626912       0.74786672889813866     
  0.90782159840791588       0.70776560987609682     
  0.97766051884535443       0.66569675022487473     
   1.0475008811503139       0.62195407057628804     
   1.1173427882032729       0.57685491013226797     
   1.1871863428619420       0.53073976652960553     
   1.2570316479597488       0.48397180029001186     
   1.3268788063043202       0.43693605899327337     
   1.3967279206759662       0.39003837387621765     
   1.4665790938261651       0.34370387963164023     
   1.5364324284760464       0.29837510692313662     
   1.6062880273148763       0.25450959674642959     
   1.6761459929985421       0.21257698646075723     
   1.7460064281480387       0.17305551934430996     
   1.8158694353479523       0.13642793315770163     
   1.8857351171449472       0.10317668871546476     
   1.9556035760462529        7.3778507186440245E-002
   2.0254749145181488        4.8698195066757766E-002
   2.0953492349844538        2.8381748827511044E-002
   2.1652266398250095        1.3248747418742879E-002
   2.2351072313741742        3.6840603939153893E-003
   2.3049911119193047        2.8922627093863618E-005
   2.3748783836992495        2.5714535781977688E-003
   2.4447691489028363        1.1536729873764806E-002
   2.5146635096673604        2.7076554533048802E-002
   2.5845615680770777        4.9259104231296202E-002
   2.6544634261616933        7.8058677101467799E-002
   2.7243691858948518       0.11334580702496960     
   2.7942789491926319       0.15487805515650721     
   2.8641928179120355       0.20229183423300429     
   2.9341108938494820       0.25509566432190733     
   3.0040332787393016       0.31266529796518799     
   3.0739600742522288       0.37424118561663716     
   3.1438913819938969       0.43892877588446316     
   3.2138273035033338       0.50570215599098944     
   3.2837679402514559       0.57341153227063324     
   3.3537133936395671       0.64079502440669689     
   3.4236637649978547       0.70649519624048707     
   3.4936191555838851       0.76908066616330883     
   3.5635796665811061       0.82707302737501875     
   3.6335453990973434       0.87897915924876791     
   3.7035164541633003       0.92332882316639742     
   3.7734929327310596       0.95871720832973850     
   3.8434749356725852       0.98385182581592689     
   3.9134625637782219       0.99760284556312806     
   3.9834559177552009       0.99905563688232335     
   4.0534550982261406       0.98756391783851194     
   4.1234602057275556       0.96280155565586112     
   4.1934713407083581       0.92481070672249110     
   4.2634886035283621       0.87404366285655211     
   4.3335120944567986       0.81139550674945560     
   4.4035419136708160       0.73822450449979415     
   4.4735781612539904       0.65635711069462999     
   4.5436209371948362       0.56807456724516558     
   4.6136703413853200       0.47607837674744258     
   4.6837264736193642       0.38343245734710196     
   4.7537894335913666       0.29348056580347498     
   4.8238593208947114       0.20973862556007011     
   4.8939362350202833       0.13576291957215020     
   4.9640202753549820        7.4996686756477804E-002
   5.0341115411802413        3.0599455536598041E-002
   5.1042101316705457        5.2653892560757254E-003
   5.1743161458919440        1.0389059651718102E-003
   5.2444296828005807        1.9137736055686860E-002
   5.3145508412412026        5.9795230390423282E-002
   5.3846797199456891       0.12213493635660871     
   5.4548164175315748       0.20409100810746561     
   5.5249610325005696       0.30238769284333744     
   5.5951136632370870       0.41258973265580334     
   5.6652744080067690       0.52923287264300156     
   5.7354433649550156       0.64603966576837435     
   5.8056206321055077       0.75622040279378111     
   5.8758063073587463       0.85285238602047531     
   5.9460004884905739       0.92932317630789307     
   6.0162032731507127       0.97981531505681552     
   6.0864147588612987       0.99980197943800531     
   6.1566350430154122       0.98651586434652838     
   6.2268642228756166       0.93934823047321547     
   6.2971023955724954       0.86013252294660481     
   6.3673496581031923       0.75326824230024680     
   6.4376061073299491       0.62564669579410837     
   6.5078718399786473       0.48635144782188794     
   6.5781469526373542       0.34612285920928842     
   6.6484315417548636       0.21659759893557951     
   6.7187257036392394       0.10935924904156563     
   6.7890295344563718        3.4863131100688838E-002
   6.8593431302285151        1.3245056777475006E-003
   6.9296665868328420        1.3680924809773121E-002
   7.0000000000000000        7.2752950267109595E-002
